-0.006387087424430095
-0.004028329977137498
-0.005049409055843316
-0.006027772058306108
-0.00687938404370922
-0.007513607735885248
-0.00783486464294513
-0.007744316326255286
-0.007149590539089302
-0.0059664492330793574
-0.004123444328757171
-0.0015719069961451179
0.0017074773924698643
0.0057093339167164124
0.01039086707223603
0.01568613820392414
0.0214953268368179
0.027679345328394847
0.034081269255184864
0.04053446683854682
0.04684554070181217
0.052807270976744605
0.05824968100574588
0.06297512532257456
0.0668329043570349
0.0696880625005647
0.07144216979965397
0.07203342699857847
0.07144216979965397
0.0696880625005647
0.0668329043570349
0.06297512532257456
0.05824968100574588
0.052807270976744605
0.04684554070181217
0.04053446683854682
0.034081269255184864
0.027679345328394847
0.0214953268368179
0.01568613820392414
0.01039086707223603
0.0057093339167164124
0.0017074773924698643
-0.0015719069961451179
-0.004123444328757171
-0.0059664492330793574
-0.007149590539089302
-0.007744316326255286
-0.00783486464294513
-0.007513607735885248
-0.00687938404370922
-0.006027772058306108
-0.005049409055843316
-0.004028329977137498
-0.006387087424430095