-0.002647542883605926
-0.004201667514210003
0.0011684571158439596
-0.0015062898809821593
-0.000034136692392301405
-0.0006015726509439815
-0.0000737075211035909
-0.00004682722504698801
0.0002781403902624057
0.0004842815185710337
0.0007675182188419528
0.0010107715547530486
0.0012551096807686584
0.0014593218470395678
0.0016240298580755298
0.0017331363650177167
0.0017748268375968445
0.0017449800994176767
0.0016339075956047758
0.001440596346417783
0.0011704108107041882
0.0008191448209005562
0.0004070349231360396
-0.00006320766857233242
-0.0005692564634505114
-0.0010925292116112136
-0.0016157184575500117
-0.0021107048055358504
-0.002555099705828172
-0.0029280304335742753
-0.0032043349382493568
-0.0033630935746759914
-0.0033953190363298757
-0.0032770061929430845
-0.003013905306393513
-0.002598225403034865
-0.0020373288811796103
-0.0013434116663738464
-0.0005407047004334698
0.0003544517129595496
0.0013040769476564647
0.0022723565549738964
0.0032237433224247404
0.004116576214093688
0.004901290598476202
0.005543446343497412
0.006005066182331506
0.006246201020336073
0.006239653972052379
0.005971373944289565
0.005427767714171319
0.004606617062446868
0.0035168547128447566
0.0021875480908238806
0.000650679623854257
-0.0010511115237020721
-0.00286336776047563
-0.004719489304532247
-0.006547075714596475
-0.00826779909364848
-0.009804673342033459
-0.011078834614904422
-0.012011208642584712
-0.01253024137016094
-0.01257012720559586
-0.012077026062948974
-0.0110094857626571
-0.009342045598526603
-0.007062503713451112
-0.004180417069115056
-0.0007214549448558446
0.00327280396499455
0.007741985422561088
0.012608609874184013
0.01778300225546498
0.023160357090922453
0.028628821379524952
0.03407001379749217
0.0393592301292391
0.04437451645960031
0.04900026745038567
0.05312361337143553
0.056644513209878046
0.059477679245531524
0.06155423965007328
0.06282023196768424
0.06324567133402044
0.06282023196768424
0.06155423965007328
0.059477679245531524
0.056644513209878046
0.05312361337143553
0.04900026745038567
0.04437451645960031
0.0393592301292391
0.03407001379749217
0.028628821379524952
0.023160357090922453
0.01778300225546498
0.012608609874184013
0.007741985422561088
0.00327280396499455
-0.0007214549448558446
-0.004180417069115056
-0.007062503713451112
-0.009342045598526603
-0.0110094857626571
-0.012077026062948974
-0.01257012720559586
-0.01253024137016094
-0.012011208642584712
-0.011078834614904422
-0.009804673342033459
-0.00826779909364848
-0.006547075714596475
-0.004719489304532247
-0.00286336776047563
-0.0010511115237020721
0.000650679623854257
0.0021875480908238806
0.0035168547128447566
0.004606617062446868
0.005427767714171319
0.005971373944289565
0.006239653972052379
0.006246201020336073
0.006005066182331506
0.005543446343497412
0.004901290598476202
0.004116576214093688
0.0032237433224247404
0.0022723565549738964
0.0013040769476564647
0.0003544517129595496
-0.0005407047004334698
-0.0013434116663738464
-0.0020373288811796103
-0.002598225403034865
-0.003013905306393513
-0.0032770061929430845
-0.0033953190363298757
-0.0033630935746759914
-0.0032043349382493568
-0.0029280304335742753
-0.002555099705828172
-0.0021107048055358504
-0.0016157184575500117
-0.0010925292116112136
-0.0005692564634505114
-0.00006320766857233242
0.0004070349231360396
0.0008191448209005562
0.0011704108107041882
0.001440596346417783
0.0016339075956047758
0.0017449800994176767
0.0017748268375968445
0.0017331363650177167
0.0016240298580755298
0.0014593218470395678
0.0012551096807686584
0.0010107715547530486
0.0007675182188419528
0.0004842815185710337
0.0002781403902624057
-0.00004682722504698801
-0.0000737075211035909
-0.0006015726509439815
-0.000034136692392301405
-0.0015062898809821593
0.0011684571158439596
-0.004201667514210003
-0.002647542883605926